xpts
-1.1499999999999999e+00,-1.0349999999999999e+00,-9.1999999999999993e-01,-4.5999999999999996e-01,0.0000000000000000e+00,2.8750000000000000e-03,5.7499999999999999e-03,6.0374999999999991e-02
-1.1177990287726940e+00,-9.9942301843745618e-01,-6.0024665587480519e-01,-8.7207987094948564e-02,2.5156249999999814e-03,3.2343749999999998e-03,1.4696013253704973e-02,7.3400308940456127e-02
-1.0349999999999999e+00,-9.1999999999999993e-01,-4.5999999999999996e-01,0.0000000000000000e+00,2.8750000000000000e-03,5.7499999999999999e-03,6.0374999999999991e-02,1.1499999999999999e-01
ypts
1.2207031250000000e-04,1.1001527278419592e-02,2.7027027027027018e-02,1.3963853559468728e-01,1.0000000000000000e+00,1.0253125000000001e+00,1.0900000000000001e+00,1.3074578570900219e+00
1.2207373057180650e-04,1.5676197066454314e-02,7.2724935642118183e-02,3.1750270969170991e-01,1.0196874999999999e+00,1.0309375000000001e+00,1.3000368329130734e+00,1.3095739533400594e+00
1.1001527278419592e-02,2.7027027027027018e-02,1.3963853559468728e-01,1.0000000000000000e+00,1.0253125000000001e+00,1.0900000000000001e+00,1.3074578570900219e+00,1.3149999999999999e+00
xEnd
-1.1499999999999999e+00,1.1499999999999999e-01
yEnd
1.2207031250000000e-04,1.3149999999999999e+00
dydxEnd
1.0614809741452134e-07,1.3043478260869457e-01
d2ydx2End
0.0000000000000000e+00,0.0000000000000000e+00
