xpts
1.2207031250000000e-04,1.3574548669763509e-02,2.7027027027027018e-02,5.1351351351351349e-01,1.0000000000000000e+00,1.0449999999999999e+00,1.0900000000000001e+00,1.2025000000000001e+00
1.2207401392739768e-04,1.7623357951741202e-02,1.1925639058220122e-01,6.6183547624832462e-01,1.0221162819108702e+00,1.0541723958953408e+00,1.1752670172446635e+00,1.3020353416619928e+00
1.3574548669763509e-02,2.7027027027027018e-02,5.1351351351351349e-01,1.0000000000000000e+00,1.0449999999999999e+00,1.0899999999999999e+00,1.2025000000000001e+00,1.3149999999999999e+00
ypts
-1.1499999999999999e+00,-1.0157184283818783e+00,-9.1999999999999993e-01,-1.0648043754564321e-01,0.0000000000000000e+00,3.8239803908730304e-03,5.7499999999999999e-03,1.0718499966687068e-02
-1.1151295926365890e+00,-9.8579851737189439e-01,-2.7466089549738365e-01,-4.3209911368269828e-02,2.8259693552778881e-03,4.2240094548015245e-03,9.3817433270875165e-03,1.5604286075277335e-02
-1.0157184283818783e+00,-9.1999999999999993e-01,-1.0648043754564321e-01,0.0000000000000000e+00,3.8239803908730729e-03,5.7499999999999652e-03,1.0718499966687112e-02,1.1499999999999999e-01
xEnd
1.2207031250000000e-04,1.3149999999999999e+00
yEnd
-1.1499999999999999e+00,1.1499999999999999e-01
dydxEnd
9.4208000365270544e+06,7.6666666666667300e+00
d2ydx2End
0.0000000000000000e+00,0.0000000000000000e+00
