xpts
3.3195876288659792e-01,4.7216494845360824e-01,6.1237113402061860e-01,7.2268041237113412e-01,8.3298969072164952e-01,9.1649484536082482e-01,1.0000000000000000e+00,1.1649484536082473e+00,1.3298969072164948e+00,1.5731958762886598e+00
4.4651620268088565e-01,5.2585574539470403e-01,6.9709282032883713e-01,7.3895889510849455e-01,8.9861467340735879e-01,9.6544777513082802e-01,1.0347136095004925e+00,1.2036595398334289e+00,1.5364383740945913e+00,1.6327185910677813e+00
4.7216494845360824e-01,6.1237113402061860e-01,7.2268041237113412e-01,8.3298969072164963e-01,9.1649484536082482e-01,1.0000000000000000e+00,1.1649484536082473e+00,1.3298969072164946e+00,1.5731958762886598e+00,1.8164948453608247e+00
ypts
1.2204690520296391e-04,3.3150295675757665e-03,4.0847687674040850e-01,8.2586731991767470e-01,9.0841584158415856e-01,9.6627872843686613e-01,1.0000000000000000e+00,7.7961587502147855e-01,5.0006103515625000e-01,9.2687370020570509e-02
1.2206088926544102e-04,9.9989054368102570e-03,7.9869330206900568e-01,8.4315506546727792e-01,9.5396195522490157e-01,1.0000000000000000e+00,1.0000000000000000e+00,7.1410876036907389e-01,1.4984990461815623e-01,1.2206933882775555e-04
3.3150295675757665e-03,4.0847687674040850e-01,8.2586731991767470e-01,9.0841584158415856e-01,9.6627872843686613e-01,1.0000000000000000e+00,7.7961587502147855e-01,5.0006103515625111e-01,9.2687370020570509e-02,1.2204690520296391e-04
xEnd
3.3195876288659792e-01,1.8164948453608247e+00
yEnd
1.2204690520296391e-04,1.2204690520296391e-04
dydxEnd
1.2207031250000866e-07,-1.2207031250000879e-07
d2ydx2End
0.0000000000000000e+00,0.0000000000000000e+00
