xpts
3.3195876288659792e-01,4.5144539997400868e-01,5.7093203706141948e-01,6.8124131541193500e-01,7.9155059376245041e-01,8.7505574840162570e-01,9.5856090304080088e-01,1.1235093566490484e+00,1.2884578102572957e+00,1.5524763278090603e+00
4.3217791077278894e-01,4.8535180176232845e-01,6.5565372336963790e-01,6.9751979814929510e-01,8.5717557644818398e-01,9.2400867817162891e-01,9.9327451254129351e-01,1.1622204428740661e+00,1.5179895535851140e+00,1.5983909248679335e+00
4.5144539997400868e-01,5.7093203706141948e-01,6.8124131541193500e-01,7.9155059376245052e-01,8.7505574840162570e-01,9.5856090304080088e-01,1.1235093566490484e+00,1.2884578102572957e+00,1.5524763278090603e+00,1.8164948453608250e+00
ypts
1.2204690520296391e-04,5.2616250605694165e-03,4.0847687674040850e-01,8.2586731991767492e-01,9.0841584158415856e-01,9.6627872843686613e-01,1.0000000000000000e+00,7.7961587502147811e-01,5.0006103515625000e-01,6.3365258780904737e-02
1.2205913898547579e-04,1.4306092937772130e-02,7.9869330206900591e-01,8.4315506546727770e-01,9.5396195522491845e-01,1.0000000000000000e+00,1.0000000000000000e+00,7.1410876036935067e-01,1.1086765650817976e-01,1.2207352921669596e-04
5.2616250605694165e-03,4.0847687674040850e-01,8.2586731991767492e-01,9.0841584158415856e-01,9.6627872843686624e-01,1.0000000000000000e+00,7.7961587502147833e-01,5.0006103515625000e-01,6.3365258780904737e-02,1.2204690520296391e-04
xEnd
3.3195876288659792e-01,1.8164948453608247e+00
yEnd
1.2204690520296391e-04,1.2204690520296391e-04
dydxEnd
1.2207031077074307e-07,-1.2207031250000000e-07
d2ydx2End
0.0000000000000000e+00,0.0000000000000000e+00
