xpts
1.2207031250000000e-04,1.3574548669763509e-02,2.7027027027027018e-02,5.1351351351351349e-01,1.0000000000000000e+00,1.0449999999999999e+00,1.0900000000000001e+00,1.2025000000000001e+00
1.2207401392739768e-04,1.7623357951740807e-02,1.1925639058220125e-01,6.6183547624832451e-01,1.0221162819108696e+00,1.0541723958953682e+00,1.1752670172446640e+00,1.3020353416619925e+00
1.3574548669763509e-02,2.7027027027027018e-02,5.1351351351351349e-01,1.0000000000000000e+00,1.0449999999999999e+00,1.0899999999999999e+00,1.2025000000000001e+00,1.3149999999999999e+00
ypts
-1.0000000000000000e+00,-8.8323341598424199e-01,-8.0000000000000004e-01,-9.2591684822298445e-02,0.0000000000000000e+00,3.3252003398895717e-03,5.0000000000000001e-03,9.3204347536409264e-03
-9.6967790664051212e-01,-8.5721610206251930e-01,-2.3883556130207279e-01,-3.7573835972408563e-02,2.4573646567632983e-03,3.6730516998284279e-03,8.1580376757282944e-03,1.3568944413283157e-02
-8.8323341598424199e-01,-8.0000000000000004e-01,-9.2591684822298445e-02,0.0000000000000000e+00,3.3252003398895709e-03,4.9999999999999732e-03,9.3204347536409680e-03,1.0000000000000001e-01
xEnd
1.2207031250000000e-04,1.3149999999999999e+00
yEnd
-1.0000000000000000e+00,1.0000000000000001e-01
dydxEnd
8.1920000317626279e+06,6.6666666666667229e+00
d2ydx2End
0.0000000000000000e+00,0.0000000000000000e+00
