xpts
-1.0000000000000000e+00,-9.0000000000000002e-01,-8.0000000000000004e-01,-4.0000000000000002e-01,0.0000000000000000e+00,2.5000000000000001e-03,5.0000000000000001e-03,5.2499999999999998e-02
-9.7199915545451632e-01,-8.6906349429343999e-01,-5.2195361380417848e-01,-7.5833032256477015e-02,2.1874999999999846e-03,2.8124999999999986e-03,9.4929106957485979e-03,6.4067676856144437e-02
-9.0000000000000002e-01,-8.0000000000000004e-01,-4.0000000000000002e-01,0.0000000000000000e+00,2.5000000000000001e-03,5.0000000000000001e-03,5.2499999999999998e-02,1.0000000000000001e-01
ypts
1.2207031250000000e-04,1.1001527278419562e-02,2.7027027027027018e-02,1.3963853559468725e-01,1.0000000000000000e+00,1.0253125000000001e+00,1.0900000000000001e+00,1.2223944601472636e+00
1.2207373057182558e-04,1.5676197066454359e-02,7.2724935642118183e-02,3.1750270969171002e-01,1.0196874999999999e+00,1.0309375000000001e+00,1.2113085887852122e+00,1.2253762424454746e+00
1.1001527278419562e-02,2.7027027027027018e-02,1.3963853559468725e-01,1.0000000000000000e+00,1.0253125000000001e+00,1.0900000000000001e+00,1.2223944601472636e+00,1.2340000000000000e+00
xEnd
-1.0000000000000000e+00,1.0000000000000001e-01
yEnd
1.2207031250000000e-04,1.2340000000000000e+00
dydxEnd
1.2207031202669996e-07,2.4000000000000096e-01
d2ydx2End
0.0000000000000000e+00,0.0000000000000000e+00
