 output for muscle (PartID):         2
         time          arg          val         der1         der2
  1.49022E-04  4.00015E-01  1.45012E-03  9.75305E-03  0.00000E+00
  5.06675E-03  4.00015E-01  1.45012E-03  9.75305E-03  0.00000E+00
  1.00590E-02  4.00015E-01  1.45012E-03  9.75305E-03  0.00000E+00
  1.50512E-02  4.00015E-01  1.45012E-03  9.75305E-03  0.00000E+00
  2.00435E-02  4.00015E-01  1.45012E-03  9.75305E-03  0.00000E+00
  2.50357E-02  4.00015E-01  1.45012E-03  9.75305E-03  0.00000E+00
  3.00280E-02  4.00015E-01  1.45012E-03  9.75305E-03  0.00000E+00
  3.50202E-02  4.00015E-01  1.45012E-03  9.75305E-03  0.00000E+00
  4.00124E-02  4.00015E-01  1.45012E-03  9.75305E-03  0.00000E+00
  4.50047E-02  4.00015E-01  1.45012E-03  9.75305E-03  0.00000E+00
  5.00714E-02  4.00015E-01  1.45012E-03  9.75305E-03  0.00000E+00
  5.50637E-02  4.00015E-01  1.45012E-03  9.75305E-03  0.00000E+00
  6.00559E-02  4.00015E-01  1.45012E-03  9.75305E-03  0.00000E+00
  6.50482E-02  4.00015E-01  1.45012E-03  9.75305E-03  0.00000E+00
  7.00404E-02  4.00015E-01  1.45012E-03  9.75305E-03  0.00000E+00
  7.50327E-02  4.00015E-01  1.45012E-03  9.75305E-03  0.00000E+00
  8.00249E-02  4.00015E-01  1.45012E-03  9.75305E-03  0.00000E+00
  8.50171E-02  4.00015E-01  1.45012E-03  9.75305E-03  0.00000E+00
  9.00094E-02  4.00015E-01  1.45012E-03  9.75305E-03  0.00000E+00
  9.50016E-02  4.00015E-01  1.45012E-03  9.75305E-03  0.00000E+00
  1.00068E-01  4.00015E-01  1.45012E-03  9.75305E-03  0.00000E+00
  1.05061E-01  4.00015E-01  1.45012E-03  9.75305E-03  0.00000E+00
  1.10053E-01  4.00015E-01  1.45012E-03  9.75305E-03  0.00000E+00
  1.15045E-01  4.00015E-01  1.45012E-03  9.75305E-03  0.00000E+00
  1.20037E-01  4.00015E-01  1.45012E-03  9.75305E-03  0.00000E+00
  1.25030E-01  4.00015E-01  1.45012E-03  9.75305E-03  0.00000E+00
  1.30022E-01  4.00015E-01  1.45012E-03  9.75305E-03  0.00000E+00
  1.35014E-01  4.00015E-01  1.45012E-03  9.75305E-03  0.00000E+00
  1.40006E-01  4.00015E-01  1.45012E-03  9.75305E-03  0.00000E+00
  1.45073E-01  4.00015E-01  1.45012E-03  9.75305E-03  0.00000E+00
  1.50065E-01  4.00015E-01  1.45012E-03  9.75305E-03  0.00000E+00
  1.55058E-01  4.00015E-01  1.45012E-03  9.75305E-03  0.00000E+00
  1.60050E-01  4.00015E-01  1.45012E-03  9.75305E-03  0.00000E+00
  1.65042E-01  4.00015E-01  1.45012E-03  9.75305E-03  0.00000E+00
  1.70034E-01  4.00015E-01  1.45012E-03  9.75305E-03  0.00000E+00
  1.75027E-01  4.00015E-01  1.45012E-03  9.75305E-03  0.00000E+00
  1.80019E-01  4.00015E-01  1.45012E-03  9.75305E-03  0.00000E+00
  1.85011E-01  4.00015E-01  1.45012E-03  9.75305E-03  0.00000E+00
  1.90003E-01  4.00015E-01  1.45012E-03  9.75305E-03  0.00000E+00
  1.95070E-01  4.00015E-01  1.45012E-03  9.75305E-03  0.00000E+00
  2.00062E-01  4.00015E-01  1.45012E-03  9.75305E-03  0.00000E+00
  2.05054E-01  4.00015E-01  1.45012E-03  9.75305E-03  0.00000E+00
  2.10047E-01  4.00015E-01  1.45012E-03  9.75305E-03  0.00000E+00
  2.15039E-01  4.00015E-01  1.45012E-03  9.75305E-03  0.00000E+00
  2.20031E-01  4.00015E-01  1.45012E-03  9.75305E-03  0.00000E+00
  2.25023E-01  4.00015E-01  1.45012E-03  9.75305E-03  0.00000E+00
  2.30016E-01  4.00015E-01  1.45012E-03  9.75305E-03  0.00000E+00
  2.35008E-01  4.00015E-01  1.45012E-03  9.75305E-03  0.00000E+00
  2.40000E-01  4.00015E-01  1.45012E-03  9.75305E-03  0.00000E+00
  2.45067E-01  4.00015E-01  1.45012E-03  9.75305E-03  0.00000E+00
  2.50059E-01  4.00015E-01  1.45012E-03  9.75305E-03  0.00000E+00
  2.55051E-01  4.00015E-01  1.45012E-03  9.75305E-03  0.00000E+00
  2.60044E-01  4.00015E-01  1.45012E-03  9.75305E-03  0.00000E+00
  2.65036E-01  4.00015E-01  1.45012E-03  9.75305E-03  0.00000E+00
  2.70028E-01  4.00015E-01  1.45012E-03  9.75305E-03  0.00000E+00
  2.75020E-01  4.00015E-01  1.45012E-03  9.75305E-03  0.00000E+00
  2.80013E-01  4.00015E-01  1.45012E-03  9.75305E-03  0.00000E+00
  2.85005E-01  4.00015E-01  1.45012E-03  9.75305E-03  0.00000E+00
  2.90072E-01  4.00015E-01  1.45012E-03  9.75305E-03  0.00000E+00
  2.95064E-01  4.00015E-01  1.45012E-03  9.75305E-03  0.00000E+00
  3.00056E-01  4.00015E-01  1.45012E-03  9.75305E-03  0.00000E+00
  3.05048E-01  4.00015E-01  1.45012E-03  9.75305E-03  0.00000E+00
  3.10041E-01  4.00015E-01  1.45012E-03  9.75305E-03  0.00000E+00
  3.15033E-01  4.00015E-01  1.45012E-03  9.75305E-03  0.00000E+00
  3.20025E-01  4.00015E-01  1.45012E-03  9.75305E-03  0.00000E+00
  3.25017E-01  4.00015E-01  1.45012E-03  9.75305E-03  0.00000E+00
  3.30010E-01  4.00015E-01  1.45012E-03  9.75305E-03  0.00000E+00
  3.35002E-01  4.00015E-01  1.45012E-03  9.75305E-03  0.00000E+00
  3.40069E-01  4.00015E-01  1.45012E-03  9.75305E-03  0.00000E+00
  3.45061E-01  4.00015E-01  1.45012E-03  9.75305E-03  0.00000E+00
  3.50053E-01  4.00015E-01  1.45012E-03  9.75305E-03  0.00000E+00
  3.55045E-01  4.00015E-01  1.45012E-03  9.75305E-03  0.00000E+00
  3.60038E-01  4.00015E-01  1.45012E-03  9.75305E-03  0.00000E+00
  3.65030E-01  4.00015E-01  1.45012E-03  9.75305E-03  0.00000E+00
  3.70022E-01  4.00015E-01  1.45012E-03  9.75305E-03  0.00000E+00
  3.75014E-01  4.00015E-01  1.45012E-03  9.75305E-03  0.00000E+00
  3.80006E-01  4.00015E-01  1.45012E-03  9.75305E-03  0.00000E+00
  3.85073E-01  4.00015E-01  1.45012E-03  9.75305E-03  0.00000E+00
  3.90065E-01  4.00015E-01  1.45012E-03  9.75305E-03  0.00000E+00
  3.95058E-01  4.00015E-01  1.45012E-03  9.75305E-03  0.00000E+00
  4.00050E-01  4.00015E-01  1.45012E-03  9.75305E-03  0.00000E+00
  4.05042E-01  4.00015E-01  1.45012E-03  9.75305E-03  0.00000E+00
  4.10034E-01  4.00015E-01  1.45012E-03  9.75305E-03  0.00000E+00
  4.15027E-01  4.00015E-01  1.45012E-03  9.75305E-03  0.00000E+00
  4.20019E-01  4.00015E-01  1.45012E-03  9.75305E-03  0.00000E+00
  4.25011E-01  4.00015E-01  1.45012E-03  9.75305E-03  0.00000E+00
  4.30003E-01  4.00015E-01  1.45012E-03  9.75305E-03  0.00000E+00
  4.35070E-01  4.00015E-01  1.45012E-03  9.75305E-03  0.00000E+00
  4.40062E-01  4.00015E-01  1.45012E-03  9.75305E-03  0.00000E+00
  4.45055E-01  4.00015E-01  1.45012E-03  9.75305E-03  0.00000E+00
  4.50047E-01  4.00015E-01  1.45012E-03  9.75305E-03  0.00000E+00
  4.55039E-01  4.00015E-01  1.45012E-03  9.75305E-03  0.00000E+00
  4.60031E-01  4.00015E-01  1.45012E-03  9.75305E-03  0.00000E+00
  4.65024E-01  4.00015E-01  1.45012E-03  9.75305E-03  0.00000E+00
  4.70016E-01  4.00015E-01  1.45012E-03  9.75305E-03  0.00000E+00
  4.75008E-01  4.00015E-01  1.45012E-03  9.75305E-03  0.00000E+00
  4.80000E-01  4.00015E-01  1.45012E-03  9.75305E-03  0.00000E+00
  4.85067E-01  4.00015E-01  1.45012E-03  9.75305E-03  0.00000E+00
  4.90059E-01  4.00015E-01  1.45012E-03  9.75305E-03  0.00000E+00
  4.95052E-01  4.00015E-01  1.45012E-03  9.75305E-03  0.00000E+00
  5.00044E-01  4.00015E-01  1.45012E-03  9.75305E-03  0.00000E+00
  5.05036E-01  4.00015E-01  1.45012E-03  9.75305E-03  0.00000E+00
  5.10028E-01  4.00015E-01  1.45012E-03  9.75305E-03  0.00000E+00
  5.15021E-01  4.00015E-01  1.45012E-03  9.75305E-03  0.00000E+00
  5.20013E-01  4.00015E-01  1.45012E-03  9.75305E-03  0.00000E+00
  5.25005E-01  4.00015E-01  1.45012E-03  9.75305E-03  0.00000E+00
  5.30072E-01  4.00015E-01  1.45012E-03  9.75305E-03  0.00000E+00
  5.35064E-01  4.00015E-01  1.45012E-03  9.75305E-03  0.00000E+00
  5.40056E-01  4.00015E-01  1.45012E-03  9.75305E-03  0.00000E+00
  5.45049E-01  4.00015E-01  1.45012E-03  9.75305E-03  0.00000E+00
  5.50041E-01  4.00015E-01  1.45012E-03  9.75305E-03  0.00000E+00
  5.55033E-01  4.00015E-01  1.45012E-03  9.75305E-03  0.00000E+00
  5.60025E-01  4.00015E-01  1.45012E-03  9.75305E-03  0.00000E+00
  5.65017E-01  4.00015E-01  1.45012E-03  9.75305E-03  0.00000E+00
  5.70010E-01  4.00015E-01  1.45012E-03  9.75305E-03  0.00000E+00
  5.75002E-01  4.00015E-01  1.45012E-03  9.75305E-03  0.00000E+00
  5.80069E-01  4.00015E-01  1.45012E-03  9.75305E-03  0.00000E+00
  5.85061E-01  4.00015E-01  1.45012E-03  9.75305E-03  0.00000E+00
  5.90053E-01  4.00015E-01  1.45012E-03  9.75305E-03  0.00000E+00
  5.95045E-01  4.00015E-01  1.45012E-03  9.75305E-03  0.00000E+00
  6.00038E-01  4.00015E-01  1.45012E-03  9.75305E-03  0.00000E+00
  6.05030E-01  4.00015E-01  1.45012E-03  9.75305E-03  0.00000E+00
  6.10022E-01  4.00015E-01  1.45012E-03  9.75305E-03  0.00000E+00
  6.15014E-01  4.00015E-01  1.45012E-03  9.75305E-03  0.00000E+00
  6.20007E-01  4.00015E-01  1.45012E-03  9.75305E-03  0.00000E+00
  6.25073E-01  4.00015E-01  1.45012E-03  9.75305E-03  0.00000E+00
  6.30066E-01  4.00015E-01  1.45012E-03  9.75305E-03  0.00000E+00
  6.35058E-01  4.00015E-01  1.45012E-03  9.75305E-03  0.00000E+00
  6.40050E-01  4.00015E-01  1.45012E-03  9.75305E-03  0.00000E+00
  6.45042E-01  4.00015E-01  1.45012E-03  9.75305E-03  0.00000E+00
  6.50035E-01  4.00015E-01  1.45012E-03  9.75305E-03  0.00000E+00
  6.55027E-01  4.00015E-01  1.45012E-03  9.75305E-03  0.00000E+00
  6.60019E-01  4.00015E-01  1.45012E-03  9.75305E-03  0.00000E+00
  6.65011E-01  4.00015E-01  1.45012E-03  9.75305E-03  0.00000E+00
  6.70004E-01  4.00015E-01  1.45012E-03  9.75305E-03  0.00000E+00
  6.75070E-01  4.00015E-01  1.45012E-03  9.75305E-03  0.00000E+00
  6.80063E-01  4.00015E-01  1.45012E-03  9.75305E-03  0.00000E+00
  6.85055E-01  4.00015E-01  1.45012E-03  9.75305E-03  0.00000E+00
  6.90047E-01  4.00015E-01  1.45012E-03  9.75305E-03  0.00000E+00
  6.95039E-01  4.00015E-01  1.45012E-03  9.75305E-03  0.00000E+00
  7.00032E-01  4.00015E-01  1.45012E-03  9.75305E-03  0.00000E+00
  7.05024E-01  4.00015E-01  1.45012E-03  9.75305E-03  0.00000E+00
  7.10016E-01  4.00015E-01  1.45012E-03  9.75305E-03  0.00000E+00
  7.15008E-01  4.00015E-01  1.45012E-03  9.75305E-03  0.00000E+00
  7.20001E-01  4.00015E-01  1.45012E-03  9.75305E-03  0.00000E+00
  7.25067E-01  4.00015E-01  1.45012E-03  9.75305E-03  0.00000E+00
  7.30060E-01  4.00015E-01  1.45012E-03  9.75305E-03  0.00000E+00
  7.35052E-01  4.00015E-01  1.45012E-03  9.75305E-03  0.00000E+00
  7.40044E-01  4.00015E-01  1.45012E-03  9.75305E-03  0.00000E+00
  7.45036E-01  4.00015E-01  1.45012E-03  9.75305E-03  0.00000E+00
  7.50028E-01  4.00015E-01  1.45012E-03  9.75305E-03  0.00000E+00
  7.55021E-01  4.00015E-01  1.45012E-03  9.75305E-03  0.00000E+00
  7.60013E-01  4.00015E-01  1.45012E-03  9.75305E-03  0.00000E+00
  7.65005E-01  4.00015E-01  1.45012E-03  9.75305E-03  0.00000E+00
  7.70072E-01  4.00015E-01  1.45012E-03  9.75305E-03  0.00000E+00
  7.75064E-01  4.00015E-01  1.45012E-03  9.75305E-03  0.00000E+00
  7.80056E-01  4.00015E-01  1.45012E-03  9.75305E-03  0.00000E+00
  7.85049E-01  4.00015E-01  1.45012E-03  9.75305E-03  0.00000E+00
  7.90041E-01  4.00015E-01  1.45012E-03  9.75305E-03  0.00000E+00
  7.95033E-01  4.00015E-01  1.45012E-03  9.75305E-03  0.00000E+00
  8.00025E-01  4.00015E-01  1.45012E-03  9.75305E-03  0.00000E+00
  8.05018E-01  4.00015E-01  1.45012E-03  9.75305E-03  0.00000E+00
  8.10010E-01  4.00015E-01  1.45012E-03  9.75305E-03  0.00000E+00
  8.15002E-01  4.00015E-01  1.45012E-03  9.75305E-03  0.00000E+00
  8.20069E-01  4.00015E-01  1.45012E-03  9.75305E-03  0.00000E+00
  8.25061E-01  4.00015E-01  1.45012E-03  9.75305E-03  0.00000E+00
  8.30053E-01  4.00015E-01  1.45012E-03  9.75305E-03  0.00000E+00
  8.35046E-01  4.00015E-01  1.45012E-03  9.75305E-03  0.00000E+00
  8.40038E-01  4.00015E-01  1.45012E-03  9.75305E-03  0.00000E+00
  8.45030E-01  4.00015E-01  1.45012E-03  9.75305E-03  0.00000E+00
  8.50022E-01  4.00015E-01  1.45012E-03  9.75305E-03  0.00000E+00
  8.55015E-01  4.00015E-01  1.45012E-03  9.75305E-03  0.00000E+00
  8.60007E-01  4.00015E-01  1.45012E-03  9.75305E-03  0.00000E+00
  8.65074E-01  4.00015E-01  1.45012E-03  9.75305E-03  0.00000E+00
  8.70066E-01  4.00015E-01  1.45012E-03  9.75305E-03  0.00000E+00
  8.75058E-01  4.00015E-01  1.45012E-03  9.75305E-03  0.00000E+00
  8.80050E-01  4.00015E-01  1.45012E-03  9.75305E-03  0.00000E+00
  8.85043E-01  4.00015E-01  1.45012E-03  9.75305E-03  0.00000E+00
  8.90035E-01  4.00015E-01  1.45012E-03  9.75305E-03  0.00000E+00
  8.95027E-01  4.00015E-01  1.45012E-03  9.75305E-03  0.00000E+00
  9.00019E-01  4.00015E-01  1.45012E-03  9.75305E-03  0.00000E+00
  9.05012E-01  4.00015E-01  1.45012E-03  9.75305E-03  0.00000E+00
  9.10004E-01  4.00015E-01  1.45012E-03  9.75305E-03  0.00000E+00
  9.15071E-01  4.00015E-01  1.45012E-03  9.75305E-03  0.00000E+00
  9.20063E-01  4.00015E-01  1.45012E-03  9.75305E-03  0.00000E+00
  9.25055E-01  4.00015E-01  1.45012E-03  9.75305E-03  0.00000E+00
  9.30047E-01  4.00015E-01  1.45012E-03  9.75305E-03  0.00000E+00
  9.35039E-01  4.00015E-01  1.45012E-03  9.75305E-03  0.00000E+00
  9.40032E-01  4.00015E-01  1.45012E-03  9.75305E-03  0.00000E+00
  9.45024E-01  4.00015E-01  1.45012E-03  9.75305E-03  0.00000E+00
  9.50016E-01  4.00015E-01  1.45012E-03  9.75305E-03  0.00000E+00
  9.55008E-01  4.00015E-01  1.45012E-03  9.75305E-03  0.00000E+00
  9.60001E-01  4.00015E-01  1.45012E-03  9.75305E-03  0.00000E+00
  9.65067E-01  4.00015E-01  1.45012E-03  9.75305E-03  0.00000E+00
  9.70060E-01  4.00015E-01  1.45012E-03  9.75305E-03  0.00000E+00
  9.75052E-01  4.00015E-01  1.45012E-03  9.75305E-03  0.00000E+00
  9.80044E-01  4.00015E-01  1.45012E-03  9.75305E-03  0.00000E+00
  9.85036E-01  4.00015E-01  1.45012E-03  9.75305E-03  0.00000E+00
  9.90029E-01  4.00015E-01  1.45012E-03  9.75305E-03  0.00000E+00
  9.95021E-01  4.00015E-01  1.45012E-03  9.75305E-03  0.00000E+00
  1.00001E+00  4.00029E-01  1.45026E-03  9.75654E-03  0.00000E+00
  1.00501E+00  4.05294E-01  1.50526E-03  1.11642E-02  0.00000E+00
  1.01002E+00  4.10617E-01  1.56885E-03  1.27578E-02  0.00000E+00
  1.01504E+00  4.15997E-01  1.64229E-03  1.45805E-02  0.00000E+00
  1.02007E+00  4.21433E-01  1.72714E-03  1.66908E-02  0.00000E+00
  1.02503E+00  4.26841E-01  1.82383E-03  1.91306E-02  0.00000E+00
  1.03000E+00  4.32300E-01  1.93598E-03  2.20425E-02  0.00000E+00
  1.03506E+00  4.37893E-01  2.06902E-03  2.56578E-02  0.00000E+00
  1.04006E+00  4.43452E-01  2.22363E-03  3.01465E-02  0.00000E+00
  1.04506E+00  4.49059E-01  2.40836E-03  3.60302E-02  0.00000E+00
  1.05000E+00  4.54626E-01  2.63000E-03  4.40628E-02  0.00000E+00
  1.05503E+00  4.60324E-01  2.91362E-03  5.64593E-02  0.00000E+00
  1.06006E+00  4.66067E-01  3.29464E-03  7.88404E-02  0.00000E+00
  1.06503E+00  4.71765E-01  4.22657E-03  3.04893E-01  0.00000E+00
  1.07001E+00  4.77505E-01  6.84688E-03  6.06561E-01  0.00000E+00
  1.07508E+00  4.83374E-01  1.12888E-02  9.05436E-01  0.00000E+00
  1.08008E+00  4.89195E-01  1.73992E-02  1.19271E+00  0.00000E+00
  1.08501E+00  4.94964E-01  2.50807E-02  1.46893E+00  0.00000E+00
  1.09003E+00  5.00861E-01  3.45548E-02  1.74296E+00  0.00000E+00
  1.09506E+00  5.06795E-01  4.56962E-02  2.01065E+00  0.00000E+00
  1.10002E+00  5.12674E-01  5.82772E-02  2.26822E+00  0.00000E+00
  1.10507E+00  5.18680E-01  7.26727E-02  2.52393E+00  0.00000E+00
  1.11005E+00  5.24629E-01  8.84219E-02  2.77009E+00  0.00000E+00
  1.11504E+00  5.30611E-01  1.05717E-01  3.01086E+00  0.00000E+00
  1.12004E+00  5.36626E-01  1.24539E-01  3.24642E+00  0.00000E+00
  1.12506E+00  5.42674E-01  1.44873E-01  3.47692E+00  0.00000E+00
  1.13008E+00  5.48754E-01  1.66701E-01  3.70253E+00  0.00000E+00
  1.13503E+00  5.54769E-01  1.89630E-01  3.91998E+00  0.00000E+00
  1.14007E+00  5.60911E-01  2.14373E-01  4.13632E+00  0.00000E+00
  1.14505E+00  5.66986E-01  2.40140E-01  4.34492E+00  0.00000E+00
  1.15003E+00  5.73091E-01  2.67291E-01  4.54934E+00  0.00000E+00
  1.15502E+00  5.79224E-01  2.95810E-01  4.74970E+00  0.00000E+00
  1.16002E+00  5.85386E-01  3.25684E-01  4.94611E+00  0.00000E+00
  1.16503E+00  5.91576E-01  3.56896E-01  5.13869E+00  0.00000E+00
  1.17005E+00  5.97793E-01  3.89222E-01  5.18438E+00  0.00000E+00
  1.17501E+00  6.03938E-01  4.20721E-01  5.06660E+00  0.00000E+00
  1.18005E+00  6.10208E-01  4.52097E-01  4.93922E+00  0.00000E+00
  1.18502E+00  6.16405E-01  4.82294E-01  4.80546E+00  0.00000E+00
  1.19008E+00  6.22728E-01  5.12224E-01  4.66003E+00  0.00000E+00
  1.19507E+00  6.28976E-01  5.40863E-01  4.50642E+00  0.00000E+00
  1.20007E+00  6.35248E-01  5.68617E-01  4.34111E+00  0.00000E+00
  1.20508E+00  6.41545E-01  5.95397E-01  4.16257E+00  0.00000E+00
  1.21001E+00  6.47764E-01  6.20700E-01  3.97221E+00  0.00000E+00
  1.21504E+00  6.54108E-01  6.45243E-01  3.76162E+00  0.00000E+00
  1.22008E+00  6.60477E-01  6.68475E-01  3.53111E+00  0.00000E+00
  1.22505E+00  6.66765E-01  6.89908E-01  3.28167E+00  0.00000E+00
  1.23002E+00  6.73076E-01  7.09763E-01  3.00583E+00  0.00000E+00
  1.23501E+00  6.79409E-01  7.27844E-01  2.69863E+00  0.00000E+00
  1.24008E+00  6.85869E-01  7.44165E-01  2.34769E+00  0.00000E+00
  1.24500E+00  6.92141E-01  7.57709E-01  1.96272E+00  0.00000E+00
  1.25002E+00  6.98540E-01  7.68867E-01  1.51452E+00  0.00000E+00
  1.25504E+00  7.04960E-01  7.76962E-01  9.93752E-01  0.00000E+00
  1.26007E+00  7.11402E-01  7.83065E-01  9.25261E-01  0.00000E+00
  1.26503E+00  7.17758E-01  7.88869E-01  9.03320E-01  0.00000E+00
  1.27008E+00  7.24242E-01  7.94681E-01  8.90364E-01  0.00000E+00
  1.27506E+00  7.30639E-01  8.00348E-01  8.81789E-01  0.00000E+00
  1.28005E+00  7.37056E-01  8.05985E-01  8.75497E-01  0.00000E+00
  1.28504E+00  7.43493E-01  8.11605E-01  8.70626E-01  0.00000E+00
  1.29005E+00  7.49950E-01  8.17213E-01  8.66710E-01  0.00000E+00
  1.29506E+00  7.56427E-01  8.22815E-01  8.63472E-01  0.00000E+00
  1.30000E+00  7.62814E-01  8.28322E-01  8.60778E-01  0.00000E+00
  1.30504E+00  7.69329E-01  8.33922E-01  8.58421E-01  0.00000E+00
  1.31008E+00  7.75863E-01  8.39524E-01  8.56367E-01  0.00000E+00
  1.31505E+00  7.82307E-01  8.45036E-01  8.54585E-01  0.00000E+00
  1.32002E+00  7.88769E-01  8.50553E-01  8.52994E-01  0.00000E+00
  1.32501E+00  7.95249E-01  8.56076E-01  8.51564E-01  0.00000E+00
  1.33000E+00  8.01748E-01  8.61606E-01  8.50269E-01  0.00000E+00
  1.33501E+00  8.08264E-01  8.67143E-01  8.49089E-01  0.00000E+00
  1.34002E+00  8.14799E-01  8.72688E-01  8.48007E-01  0.00000E+00
  1.34505E+00  8.21351E-01  8.78243E-01  8.47842E-01  0.00000E+00
  1.35008E+00  8.27921E-01  8.83813E-01  8.47768E-01  0.00000E+00
  1.35503E+00  8.34397E-01  8.89303E-01  8.47687E-01  0.00000E+00
  1.36008E+00  8.41002E-01  8.94902E-01  8.47593E-01  0.00000E+00
  1.36506E+00  8.47513E-01  9.00420E-01  8.47488E-01  0.00000E+00
  1.37004E+00  8.54040E-01  9.05951E-01  8.47366E-01  0.00000E+00
  1.37503E+00  8.60584E-01  9.11496E-01  8.47222E-01  0.00000E+00
  1.38003E+00  8.67144E-01  9.17054E-01  8.47050E-01  0.00000E+00
  1.38504E+00  8.73722E-01  9.22624E-01  8.46838E-01  0.00000E+00
  1.39006E+00  8.80316E-01  9.28208E-01  8.46569E-01  0.00000E+00
  1.39509E+00  8.86926E-01  9.33803E-01  8.46210E-01  0.00000E+00
  1.40004E+00  8.93439E-01  9.39312E-01  8.45709E-01  0.00000E+00
  1.40508E+00  9.00082E-01  9.44928E-01  8.44901E-01  0.00000E+00
  1.41005E+00  9.06627E-01  9.50453E-01  8.43338E-01  0.00000E+00
  1.41502E+00  9.13187E-01  9.55917E-01  8.18285E-01  0.00000E+00
  1.42001E+00  9.19764E-01  9.61195E-01  7.86617E-01  0.00000E+00
  1.42500E+00  9.26355E-01  9.66269E-01  7.52405E-01  0.00000E+00
  1.43001E+00  9.32963E-01  9.71120E-01  7.15295E-01  0.00000E+00
  1.43502E+00  9.39586E-01  9.75725E-01  6.74856E-01  0.00000E+00
  1.44004E+00  9.46225E-01  9.80061E-01  6.30562E-01  0.00000E+00
  1.44507E+00  9.52879E-01  9.84097E-01  5.81763E-01  0.00000E+00
  1.45002E+00  9.59431E-01  9.87738E-01  5.28647E-01  0.00000E+00
  1.45506E+00  9.66116E-01  9.91074E-01  4.68298E-01  0.00000E+00
  1.46003E+00  9.72699E-01  9.93941E-01  4.01547E-01  0.00000E+00
  1.46501E+00  9.79296E-01  9.96346E-01  3.25725E-01  0.00000E+00
  1.47008E+00  9.86027E-01  9.98246E-01  2.36906E-01  0.00000E+00
  1.47507E+00  9.92654E-01  9.99488E-01  1.35031E-01  0.00000E+00
  1.48007E+00  9.99296E-01  9.99995E-01  1.41545E-02  0.00000E+00
  1.48508E+00  1.00595E+00  9.98678E-01 -4.05017E-01  0.00000E+00
  1.49001E+00  1.01251E+00  9.95086E-01 -6.71441E-01  0.00000E+00
  1.49504E+00  1.01919E+00  9.89953E-01 -8.53210E-01  0.00000E+00
  1.50008E+00  1.02589E+00  9.83772E-01 -9.85521E-01  0.00000E+00
  1.50503E+00  1.03249E+00  9.76929E-01 -1.08578E+00  0.00000E+00
  1.51009E+00  1.03922E+00  9.69337E-01 -1.16765E+00  0.00000E+00
  1.51506E+00  1.04584E+00  9.61377E-01 -1.23400E+00  0.00000E+00
  1.52004E+00  1.05248E+00  9.52995E-01 -1.29006E+00  0.00000E+00
  1.52503E+00  1.05913E+00  9.44250E-01 -1.33823E+00  0.00000E+00
  1.53003E+00  1.06579E+00  9.35186E-01 -1.38022E+00  0.00000E+00
  1.53503E+00  1.07247E+00  9.25841E-01 -1.41725E+00  0.00000E+00
  1.54005E+00  1.07917E+00  9.16242E-01 -1.45022E+00  0.00000E+00
  1.54507E+00  1.08588E+00  9.06413E-01 -1.47983E+00  0.00000E+00
  1.55001E+00  1.09247E+00  8.96560E-01 -1.50614E+00  0.00000E+00
  1.55505E+00  1.09921E+00  8.86332E-01 -1.53056E+00  0.00000E+00
  1.56001E+00  1.10584E+00  8.76116E-01 -1.55253E+00  0.00000E+00
  1.56506E+00  1.11260E+00  8.65546E-01 -1.57312E+00  0.00000E+00
  1.57004E+00  1.11925E+00  8.55017E-01 -1.59181E+00  0.00000E+00
  1.57502E+00  1.12592E+00  8.44346E-01 -1.60918E+00  0.00000E+00
  1.58001E+00  1.13260E+00  8.33542E-01 -1.62536E+00  0.00000E+00
  1.58501E+00  1.13929E+00  8.22611E-01 -1.64049E+00  0.00000E+00
  1.59002E+00  1.14600E+00  8.11560E-01 -1.65469E+00  0.00000E+00
  1.59503E+00  1.15272E+00  8.00395E-01 -1.66803E+00  0.00000E+00
  1.60006E+00  1.15945E+00  7.89121E-01 -1.68061E+00  0.00000E+00
  1.60509E+00  1.16620E+00  7.77743E-01 -1.69052E+00  0.00000E+00
  1.61004E+00  1.17283E+00  7.66524E-01 -1.69119E+00  0.00000E+00
  1.61508E+00  1.17961E+00  7.55067E-01 -1.69165E+00  0.00000E+00
  1.62005E+00  1.18627E+00  7.43798E-01 -1.69197E+00  0.00000E+00
  1.62502E+00  1.19294E+00  7.32506E-01 -1.69222E+00  0.00000E+00
  1.63000E+00  1.19963E+00  7.21190E-01 -1.69242E+00  0.00000E+00
  1.63508E+00  1.20645E+00  7.09637E-01 -1.69259E+00  0.00000E+00
  1.64008E+00  1.21317E+00  6.98276E-01 -1.69273E+00  0.00000E+00
  1.64508E+00  1.21989E+00  6.86891E-01 -1.69285E+00  0.00000E+00
  1.65000E+00  1.22650E+00  6.75700E-01 -1.69295E+00  0.00000E+00
  1.65502E+00  1.23325E+00  6.64271E-01 -1.69305E+00  0.00000E+00
  1.66005E+00  1.24002E+00  6.52820E-01 -1.69313E+00  0.00000E+00
  1.66509E+00  1.24679E+00  6.41347E-01 -1.69320E+00  0.00000E+00
  1.67004E+00  1.25345E+00  6.30069E-01 -1.69327E+00  0.00000E+00
  1.67500E+00  1.26013E+00  6.18770E-01 -1.69332E+00  0.00000E+00
  1.68006E+00  1.26694E+00  6.07231E-01 -1.69338E+00  0.00000E+00
  1.68504E+00  1.27364E+00  5.95888E-01 -1.69343E+00  0.00000E+00
  1.69002E+00  1.28035E+00  5.84525E-01 -1.69348E+00  0.00000E+00
  1.69501E+00  1.28707E+00  5.73140E-01 -1.69352E+00  0.00000E+00
  1.70001E+00  1.29381E+00  5.61734E-01 -1.69356E+00  0.00000E+00
  1.70502E+00  1.30055E+00  5.50307E-01 -1.69360E+00  0.00000E+00
  1.71003E+00  1.30731E+00  5.38859E-01 -1.69363E+00  0.00000E+00
  1.71506E+00  1.31409E+00  5.27390E-01 -1.69366E+00  0.00000E+00
  1.72009E+00  1.32087E+00  5.15899E-01 -1.69370E+00  0.00000E+00
  1.72503E+00  1.32754E+00  5.04609E-01 -1.69372E+00  0.00000E+00
  1.73008E+00  1.33434E+00  4.93077E-01 -1.69349E+00  0.00000E+00
  1.73504E+00  1.34103E+00  4.81750E-01 -1.69311E+00  0.00000E+00
  1.74000E+00  1.34774E+00  4.70404E-01 -1.69272E+00  0.00000E+00
  1.74507E+00  1.35458E+00  4.58818E-01 -1.69229E+00  0.00000E+00
  1.75006E+00  1.36131E+00  4.47438E-01 -1.69186E+00  0.00000E+00
  1.75505E+00  1.36804E+00  4.36041E-01 -1.69140E+00  0.00000E+00
  1.76004E+00  1.37479E+00  4.24626E-01 -1.69092E+00  0.00000E+00
  1.76505E+00  1.38156E+00  4.13195E-01 -1.69042E+00  0.00000E+00
  1.77006E+00  1.38833E+00  4.01747E-01 -1.68988E+00  0.00000E+00
  1.77508E+00  1.39511E+00  3.90283E-01 -1.68932E+00  0.00000E+00
  1.78002E+00  1.40178E+00  3.79027E-01 -1.68873E+00  0.00000E+00
  1.78505E+00  1.40859E+00  3.67531E-01 -1.68810E+00  0.00000E+00
  1.79010E+00  1.41541E+00  3.56019E-01 -1.68743E+00  0.00000E+00
  1.79505E+00  1.42211E+00  3.44718E-01 -1.68672E+00  0.00000E+00
  1.80001E+00  1.42882E+00  3.33403E-01 -1.68597E+00  0.00000E+00
  1.80508E+00  1.43567E+00  3.21846E-01 -1.68514E+00  0.00000E+00
  1.81006E+00  1.44241E+00  3.10503E-01 -1.68427E+00  0.00000E+00
  1.81505E+00  1.44915E+00  2.99146E-01 -1.68333E+00  0.00000E+00
  1.82004E+00  1.45591E+00  2.87776E-01 -1.68232E+00  0.00000E+00
  1.82504E+00  1.46267E+00  2.76395E-01 -1.68121E+00  0.00000E+00
  1.83005E+00  1.46945E+00  2.65001E-01 -1.67999E+00  0.00000E+00
  1.83506E+00  1.47624E+00  2.53597E-01 -1.67866E+00  0.00000E+00
  1.84009E+00  1.48305E+00  2.42183E-01 -1.67717E+00  0.00000E+00
  1.84502E+00  1.48972E+00  2.30989E-01 -1.67555E+00  0.00000E+00
  1.85006E+00  1.49655E+00  2.19560E-01 -1.67370E+00  0.00000E+00
  1.85500E+00  1.50325E+00  2.08353E-01 -1.67163E+00  0.00000E+00
  1.86006E+00  1.51010E+00  1.96914E-01 -1.66920E+00  0.00000E+00
  1.86502E+00  1.51682E+00  1.85702E-01 -1.66643E+00  0.00000E+00
  1.87009E+00  1.52369E+00  1.74263E-01 -1.66307E+00  0.00000E+00
  1.87507E+00  1.53044E+00  1.63059E-01 -1.65908E+00  0.00000E+00
  1.88005E+00  1.53719E+00  1.51867E-01 -1.65411E+00  0.00000E+00
  1.88504E+00  1.54396E+00  1.40694E-01 -1.64768E+00  0.00000E+00
  1.89004E+00  1.55074E+00  1.29554E-01 -1.63892E+00  0.00000E+00
  1.89505E+00  1.55753E+00  1.18468E-01 -1.62593E+00  0.00000E+00
  1.90006E+00  1.56433E+00  1.07478E-01 -1.60372E+00  0.00000E+00
  1.90509E+00  1.57114E+00  9.67654E-02 -1.49840E+00  0.00000E+00
  1.91001E+00  1.57782E+00  8.74046E-02 -1.31050E+00  0.00000E+00
  1.91505E+00  1.58466E+00  7.89883E-02 -1.15812E+00  0.00000E+00
  1.92009E+00  1.59150E+00  7.15008E-02 -1.03354E+00  0.00000E+00
  1.92504E+00  1.59822E+00  6.49126E-02 -9.31171E-01  0.00000E+00
  1.93000E+00  1.60494E+00  5.89507E-02 -8.43546E-01  0.00000E+00
  1.93507E+00  1.61182E+00  5.34216E-02 -7.65950E-01  0.00000E+00
  1.94004E+00  1.61857E+00  4.84823E-02 -6.99195E-01  0.00000E+00
  1.94502E+00  1.62533E+00  4.39604E-02 -6.39883E-01  0.00000E+00
  1.95001E+00  1.63210E+00  3.98113E-02 -5.86723E-01  0.00000E+00
  1.95510E+00  1.63902E+00  3.59221E-02 -5.37766E-01  0.00000E+00
  1.96000E+00  1.64567E+00  3.24897E-02 -4.95082E-01  0.00000E+00
  1.96501E+00  1.65248E+00  2.92595E-02 -4.55190E-01  0.00000E+00
  1.97003E+00  1.65929E+00  2.62846E-02 -4.18533E-01  0.00000E+00
  1.97505E+00  1.66611E+00  2.35453E-02 -3.84696E-01  0.00000E+00
  1.98008E+00  1.67295E+00  2.10243E-02 -3.53332E-01  0.00000E+00
  1.98501E+00  1.67965E+00  1.87528E-02 -3.24742E-01  0.00000E+00
  1.99006E+00  1.68651E+00  1.66206E-02 -2.97468E-01  0.00000E+00
  1.99501E+00  1.69323E+00  1.47053E-02 -2.72448E-01  0.00000E+00
  2.00007E+00  1.70002E+00  1.29384E-02 -2.48765E-01  0.00000E+00
  2.00503E+00  1.70002E+00  1.29384E-02 -2.48765E-01  0.00000E+00
  2.01009E+00  1.70002E+00  1.29384E-02 -2.48765E-01  0.00000E+00
  2.01505E+00  1.70002E+00  1.29384E-02 -2.48765E-01  0.00000E+00
  2.02001E+00  1.70002E+00  1.29384E-02 -2.48765E-01  0.00000E+00
  2.02508E+00  1.70002E+00  1.29384E-02 -2.48765E-01  0.00000E+00
  2.03004E+00  1.70002E+00  1.29384E-02 -2.48765E-01  0.00000E+00
  2.03510E+00  1.70002E+00  1.29384E-02 -2.48765E-01  0.00000E+00
  2.04006E+00  1.70002E+00  1.29384E-02 -2.48765E-01  0.00000E+00
  2.04502E+00  1.70002E+00  1.29384E-02 -2.48765E-01  0.00000E+00
  2.05008E+00  1.70002E+00  1.29384E-02 -2.48765E-01  0.00000E+00
  2.05504E+00  1.70002E+00  1.29384E-02 -2.48765E-01  0.00000E+00
  2.06000E+00  1.70002E+00  1.29384E-02 -2.48765E-01  0.00000E+00
  2.06507E+00  1.70002E+00  1.29384E-02 -2.48765E-01  0.00000E+00
  2.07003E+00  1.70002E+00  1.29384E-02 -2.48765E-01  0.00000E+00
  2.07509E+00  1.70002E+00  1.29384E-02 -2.48765E-01  0.00000E+00
  2.08005E+00  1.70002E+00  1.29384E-02 -2.48765E-01  0.00000E+00
  2.08501E+00  1.70002E+00  1.29384E-02 -2.48765E-01  0.00000E+00
  2.09007E+00  1.70002E+00  1.29384E-02 -2.48765E-01  0.00000E+00
  2.09503E+00  1.70002E+00  1.29384E-02 -2.48765E-01  0.00000E+00
  2.10010E+00  1.70002E+00  1.29384E-02 -2.48765E-01  0.00000E+00
  2.10506E+00  1.70002E+00  1.29384E-02 -2.48765E-01  0.00000E+00
  2.11002E+00  1.70002E+00  1.29384E-02 -2.48765E-01  0.00000E+00
  2.11508E+00  1.70002E+00  1.29384E-02 -2.48765E-01  0.00000E+00
  2.12004E+00  1.70002E+00  1.29384E-02 -2.48765E-01  0.00000E+00
  2.12511E+00  1.70002E+00  1.29384E-02 -2.48765E-01  0.00000E+00
  2.13006E+00  1.70002E+00  1.29384E-02 -2.48765E-01  0.00000E+00
  2.13502E+00  1.70002E+00  1.29384E-02 -2.48765E-01  0.00000E+00
  2.14009E+00  1.70002E+00  1.29384E-02 -2.48765E-01  0.00000E+00
  2.14505E+00  1.70002E+00  1.29384E-02 -2.48765E-01  0.00000E+00
  2.15001E+00  1.70002E+00  1.29384E-02 -2.48765E-01  0.00000E+00
  2.15507E+00  1.70002E+00  1.29384E-02 -2.48765E-01  0.00000E+00
  2.16003E+00  1.70002E+00  1.29384E-02 -2.48765E-01  0.00000E+00
  2.16510E+00  1.70002E+00  1.29384E-02 -2.48765E-01  0.00000E+00
  2.17005E+00  1.70002E+00  1.29384E-02 -2.48765E-01  0.00000E+00
  2.17501E+00  1.70002E+00  1.29384E-02 -2.48765E-01  0.00000E+00
  2.18008E+00  1.70002E+00  1.29384E-02 -2.48765E-01  0.00000E+00
  2.18504E+00  1.70002E+00  1.29384E-02 -2.48765E-01  0.00000E+00
  2.19010E+00  1.70002E+00  1.29384E-02 -2.48765E-01  0.00000E+00
  2.19506E+00  1.70002E+00  1.29384E-02 -2.48765E-01  0.00000E+00
  2.20002E+00  1.70002E+00  1.29384E-02 -2.48765E-01  0.00000E+00
  2.20509E+00  1.70002E+00  1.29384E-02 -2.48765E-01  0.00000E+00
  2.21004E+00  1.70002E+00  1.29384E-02 -2.48765E-01  0.00000E+00
  2.21500E+00  1.70002E+00  1.29384E-02 -2.48765E-01  0.00000E+00
  2.22007E+00  1.70002E+00  1.29384E-02 -2.48765E-01  0.00000E+00
  2.22503E+00  1.70002E+00  1.29384E-02 -2.48765E-01  0.00000E+00
  2.23009E+00  1.70002E+00  1.29384E-02 -2.48765E-01  0.00000E+00
  2.23505E+00  1.70002E+00  1.29384E-02 -2.48765E-01  0.00000E+00
  2.24001E+00  1.70002E+00  1.29384E-02 -2.48765E-01  0.00000E+00
  2.24508E+00  1.70002E+00  1.29384E-02 -2.48765E-01  0.00000E+00
  2.25003E+00  1.70002E+00  1.29384E-02 -2.48765E-01  0.00000E+00
  2.25510E+00  1.70002E+00  1.29384E-02 -2.48765E-01  0.00000E+00
  2.26006E+00  1.70002E+00  1.29384E-02 -2.48765E-01  0.00000E+00
  2.26502E+00  1.70002E+00  1.29384E-02 -2.48765E-01  0.00000E+00
  2.27008E+00  1.70002E+00  1.29384E-02 -2.48765E-01  0.00000E+00
  2.27504E+00  1.70002E+00  1.29384E-02 -2.48765E-01  0.00000E+00
  2.28000E+00  1.70002E+00  1.29384E-02 -2.48765E-01  0.00000E+00
  2.28507E+00  1.70002E+00  1.29384E-02 -2.48765E-01  0.00000E+00
  2.29003E+00  1.70002E+00  1.29384E-02 -2.48765E-01  0.00000E+00
  2.29509E+00  1.70002E+00  1.29384E-02 -2.48765E-01  0.00000E+00
  2.30005E+00  1.70002E+00  1.29384E-02 -2.48765E-01  0.00000E+00
  2.30501E+00  1.70002E+00  1.29384E-02 -2.48765E-01  0.00000E+00
  2.31007E+00  1.70002E+00  1.29384E-02 -2.48765E-01  0.00000E+00
  2.31503E+00  1.70002E+00  1.29384E-02 -2.48765E-01  0.00000E+00
  2.32010E+00  1.70002E+00  1.29384E-02 -2.48765E-01  0.00000E+00
  2.32506E+00  1.70002E+00  1.29384E-02 -2.48765E-01  0.00000E+00
  2.33002E+00  1.70002E+00  1.29384E-02 -2.48765E-01  0.00000E+00
  2.33508E+00  1.70002E+00  1.29384E-02 -2.48765E-01  0.00000E+00
  2.34004E+00  1.70002E+00  1.29384E-02 -2.48765E-01  0.00000E+00
  2.34510E+00  1.70002E+00  1.29384E-02 -2.48765E-01  0.00000E+00
  2.35006E+00  1.70002E+00  1.29384E-02 -2.48765E-01  0.00000E+00
  2.35502E+00  1.70002E+00  1.29384E-02 -2.48765E-01  0.00000E+00
  2.36009E+00  1.70002E+00  1.29384E-02 -2.48765E-01  0.00000E+00
  2.36505E+00  1.70002E+00  1.29384E-02 -2.48765E-01  0.00000E+00
  2.37001E+00  1.70002E+00  1.29384E-02 -2.48765E-01  0.00000E+00
  2.37507E+00  1.70002E+00  1.29384E-02 -2.48765E-01  0.00000E+00
  2.38003E+00  1.70002E+00  1.29384E-02 -2.48765E-01  0.00000E+00
  2.38509E+00  1.70002E+00  1.29384E-02 -2.48765E-01  0.00000E+00
  2.39005E+00  1.70002E+00  1.29384E-02 -2.48765E-01  0.00000E+00
  2.39501E+00  1.70002E+00  1.29384E-02 -2.48765E-01  0.00000E+00
  2.40008E+00  1.70002E+00  1.29384E-02 -2.48765E-01  0.00000E+00
  2.40504E+00  1.70002E+00  1.29384E-02 -2.48765E-01  0.00000E+00
  2.41010E+00  1.70002E+00  1.29384E-02 -2.48765E-01  0.00000E+00
  2.41506E+00  1.70002E+00  1.29384E-02 -2.48765E-01  0.00000E+00
  2.42002E+00  1.70002E+00  1.29384E-02 -2.48765E-01  0.00000E+00
  2.42508E+00  1.70002E+00  1.29384E-02 -2.48765E-01  0.00000E+00
  2.43004E+00  1.70002E+00  1.29384E-02 -2.48765E-01  0.00000E+00
  2.43500E+00  1.70002E+00  1.29384E-02 -2.48765E-01  0.00000E+00
  2.44007E+00  1.70002E+00  1.29384E-02 -2.48765E-01  0.00000E+00
  2.44503E+00  1.70002E+00  1.29384E-02 -2.48765E-01  0.00000E+00
  2.45009E+00  1.70002E+00  1.29384E-02 -2.48765E-01  0.00000E+00
  2.45505E+00  1.70002E+00  1.29384E-02 -2.48765E-01  0.00000E+00
  2.46001E+00  1.70002E+00  1.29384E-02 -2.48765E-01  0.00000E+00
  2.46507E+00  1.70002E+00  1.29384E-02 -2.48765E-01  0.00000E+00
  2.47003E+00  1.70002E+00  1.29384E-02 -2.48765E-01  0.00000E+00
  2.47510E+00  1.70002E+00  1.29384E-02 -2.48765E-01  0.00000E+00
  2.48006E+00  1.70002E+00  1.29384E-02 -2.48765E-01  0.00000E+00
  2.48502E+00  1.70002E+00  1.29384E-02 -2.48765E-01  0.00000E+00
  2.49008E+00  1.70002E+00  1.29384E-02 -2.48765E-01  0.00000E+00
  2.49504E+00  1.70002E+00  1.29384E-02 -2.48765E-01  0.00000E+00
  2.50011E+00  1.70002E+00  1.29384E-02 -2.48765E-01  0.00000E+00
  2.50506E+00  1.70002E+00  1.29384E-02 -2.48765E-01  0.00000E+00
  2.51002E+00  1.70002E+00  1.29384E-02 -2.48765E-01  0.00000E+00
  2.51509E+00  1.70002E+00  1.29384E-02 -2.48765E-01  0.00000E+00
  2.52005E+00  1.70002E+00  1.29384E-02 -2.48765E-01  0.00000E+00
  2.52501E+00  1.70002E+00  1.29384E-02 -2.48765E-01  0.00000E+00
  2.53007E+00  1.70002E+00  1.29384E-02 -2.48765E-01  0.00000E+00
  2.53503E+00  1.70002E+00  1.29384E-02 -2.48765E-01  0.00000E+00
  2.54010E+00  1.70002E+00  1.29384E-02 -2.48765E-01  0.00000E+00
  2.54505E+00  1.70002E+00  1.29384E-02 -2.48765E-01  0.00000E+00
  2.55001E+00  1.70002E+00  1.29384E-02 -2.48765E-01  0.00000E+00
  2.55508E+00  1.70002E+00  1.29384E-02 -2.48765E-01  0.00000E+00
  2.56004E+00  1.70002E+00  1.29384E-02 -2.48765E-01  0.00000E+00
  2.56510E+00  1.70002E+00  1.29384E-02 -2.48765E-01  0.00000E+00
  2.57006E+00  1.70002E+00  1.29384E-02 -2.48765E-01  0.00000E+00
  2.57502E+00  1.70002E+00  1.29384E-02 -2.48765E-01  0.00000E+00
  2.58009E+00  1.70002E+00  1.29384E-02 -2.48765E-01  0.00000E+00
  2.58504E+00  1.70002E+00  1.29384E-02 -2.48765E-01  0.00000E+00
  2.59000E+00  1.70002E+00  1.29384E-02 -2.48765E-01  0.00000E+00
  2.59507E+00  1.70002E+00  1.29384E-02 -2.48765E-01  0.00000E+00
  2.60003E+00  1.70002E+00  1.29384E-02 -2.48765E-01  0.00000E+00
  2.60509E+00  1.70002E+00  1.29384E-02 -2.48765E-01  0.00000E+00
  2.61005E+00  1.70002E+00  1.29384E-02 -2.48765E-01  0.00000E+00
  2.61501E+00  1.70002E+00  1.29384E-02 -2.48765E-01  0.00000E+00
  2.62008E+00  1.70002E+00  1.29384E-02 -2.48765E-01  0.00000E+00
  2.62503E+00  1.70002E+00  1.29384E-02 -2.48765E-01  0.00000E+00
  2.63010E+00  1.70002E+00  1.29384E-02 -2.48765E-01  0.00000E+00
  2.63506E+00  1.70002E+00  1.29384E-02 -2.48765E-01  0.00000E+00
  2.64002E+00  1.70002E+00  1.29384E-02 -2.48765E-01  0.00000E+00
  2.64508E+00  1.70002E+00  1.29384E-02 -2.48765E-01  0.00000E+00
  2.65004E+00  1.70002E+00  1.29384E-02 -2.48765E-01  0.00000E+00
  2.65500E+00  1.70002E+00  1.29384E-02 -2.48765E-01  0.00000E+00
  2.66007E+00  1.70002E+00  1.29384E-02 -2.48765E-01  0.00000E+00
  2.66502E+00  1.70002E+00  1.29384E-02 -2.48765E-01  0.00000E+00
  2.67009E+00  1.70002E+00  1.29384E-02 -2.48765E-01  0.00000E+00
  2.67505E+00  1.70002E+00  1.29384E-02 -2.48765E-01  0.00000E+00
  2.68001E+00  1.70002E+00  1.29384E-02 -2.48765E-01  0.00000E+00
  2.68507E+00  1.70002E+00  1.29384E-02 -2.48765E-01  0.00000E+00
  2.69003E+00  1.70002E+00  1.29384E-02 -2.48765E-01  0.00000E+00
  2.69510E+00  1.70002E+00  1.29384E-02 -2.48765E-01  0.00000E+00
  2.70006E+00  1.70002E+00  1.29384E-02 -2.48765E-01  0.00000E+00
  2.70502E+00  1.70002E+00  1.29384E-02 -2.48765E-01  0.00000E+00
  2.71008E+00  1.70002E+00  1.29384E-02 -2.48765E-01  0.00000E+00
  2.71504E+00  1.70002E+00  1.29384E-02 -2.48765E-01  0.00000E+00
  2.72010E+00  1.70002E+00  1.29384E-02 -2.48765E-01  0.00000E+00
  2.72506E+00  1.70002E+00  1.29384E-02 -2.48765E-01  0.00000E+00
  2.73002E+00  1.70002E+00  1.29384E-02 -2.48765E-01  0.00000E+00
  2.73509E+00  1.70002E+00  1.29384E-02 -2.48765E-01  0.00000E+00
  2.74005E+00  1.70002E+00  1.29384E-02 -2.48765E-01  0.00000E+00
  2.74501E+00  1.70002E+00  1.29384E-02 -2.48765E-01  0.00000E+00
  2.75007E+00  1.70002E+00  1.29384E-02 -2.48765E-01  0.00000E+00
  2.75503E+00  1.70002E+00  1.29384E-02 -2.48765E-01  0.00000E+00
  2.76009E+00  1.70002E+00  1.29384E-02 -2.48765E-01  0.00000E+00
  2.76505E+00  1.70002E+00  1.29384E-02 -2.48765E-01  0.00000E+00
  2.77001E+00  1.70002E+00  1.29384E-02 -2.48765E-01  0.00000E+00
  2.77508E+00  1.70002E+00  1.29384E-02 -2.48765E-01  0.00000E+00
  2.78004E+00  1.70002E+00  1.29384E-02 -2.48765E-01  0.00000E+00
  2.78510E+00  1.70002E+00  1.29384E-02 -2.48765E-01  0.00000E+00
  2.79006E+00  1.70002E+00  1.29384E-02 -2.48765E-01  0.00000E+00
  2.79502E+00  1.70002E+00  1.29384E-02 -2.48765E-01  0.00000E+00
  2.80008E+00  1.70002E+00  1.29384E-02 -2.48765E-01  0.00000E+00
  2.80504E+00  1.70002E+00  1.29384E-02 -2.48765E-01  0.00000E+00
  2.81000E+00  1.70002E+00  1.29384E-02 -2.48765E-01  0.00000E+00
  2.81507E+00  1.70002E+00  1.29384E-02 -2.48765E-01  0.00000E+00
  2.82003E+00  1.70002E+00  1.29384E-02 -2.48765E-01  0.00000E+00
  2.82509E+00  1.70002E+00  1.29384E-02 -2.48765E-01  0.00000E+00
  2.83005E+00  1.70002E+00  1.29384E-02 -2.48765E-01  0.00000E+00
  2.83501E+00  1.70002E+00  1.29384E-02 -2.48765E-01  0.00000E+00
  2.84007E+00  1.70002E+00  1.29384E-02 -2.48765E-01  0.00000E+00
  2.84503E+00  1.70002E+00  1.29384E-02 -2.48765E-01  0.00000E+00
  2.85010E+00  1.70002E+00  1.29384E-02 -2.48765E-01  0.00000E+00
  2.85506E+00  1.70002E+00  1.29384E-02 -2.48765E-01  0.00000E+00
  2.86002E+00  1.70002E+00  1.29384E-02 -2.48765E-01  0.00000E+00
  2.86508E+00  1.70002E+00  1.29384E-02 -2.48765E-01  0.00000E+00
  2.87004E+00  1.70002E+00  1.29384E-02 -2.48765E-01  0.00000E+00
  2.87511E+00  1.70002E+00  1.29384E-02 -2.48765E-01  0.00000E+00
  2.88006E+00  1.70002E+00  1.29384E-02 -2.48765E-01  0.00000E+00
  2.88502E+00  1.70002E+00  1.29384E-02 -2.48765E-01  0.00000E+00
  2.89009E+00  1.70002E+00  1.29384E-02 -2.48765E-01  0.00000E+00
  2.89505E+00  1.70002E+00  1.29384E-02 -2.48765E-01  0.00000E+00
  2.90001E+00  1.70002E+00  1.29384E-02 -2.48765E-01  0.00000E+00
  2.90507E+00  1.70002E+00  1.29384E-02 -2.48765E-01  0.00000E+00
  2.91003E+00  1.70002E+00  1.29384E-02 -2.48765E-01  0.00000E+00
  2.91510E+00  1.70002E+00  1.29384E-02 -2.48765E-01  0.00000E+00
  2.92005E+00  1.70002E+00  1.29384E-02 -2.48765E-01  0.00000E+00
  2.92501E+00  1.70002E+00  1.29384E-02 -2.48765E-01  0.00000E+00
  2.93008E+00  1.70002E+00  1.29384E-02 -2.48765E-01  0.00000E+00
  2.93504E+00  1.70002E+00  1.29384E-02 -2.48765E-01  0.00000E+00
  2.94010E+00  1.70002E+00  1.29384E-02 -2.48765E-01  0.00000E+00
  2.94506E+00  1.70002E+00  1.29384E-02 -2.48765E-01  0.00000E+00
  2.95002E+00  1.70002E+00  1.29384E-02 -2.48765E-01  0.00000E+00
  2.95509E+00  1.70002E+00  1.29384E-02 -2.48765E-01  0.00000E+00
  2.96004E+00  1.70002E+00  1.29384E-02 -2.48765E-01  0.00000E+00
  2.96500E+00  1.70002E+00  1.29384E-02 -2.48765E-01  0.00000E+00
  2.97007E+00  1.70002E+00  1.29384E-02 -2.48765E-01  0.00000E+00
  2.97503E+00  1.70002E+00  1.29384E-02 -2.48765E-01  0.00000E+00
  2.98009E+00  1.70002E+00  1.29384E-02 -2.48765E-01  0.00000E+00
  2.98505E+00  1.70002E+00  1.29384E-02 -2.48765E-01  0.00000E+00
  2.99001E+00  1.70002E+00  1.29384E-02 -2.48765E-01  0.00000E+00
  2.99508E+00  1.70002E+00  1.29384E-02 -2.48765E-01  0.00000E+00
  3.00003E+00  1.70002E+00  1.29384E-02 -2.48765E-01  0.00000E+00
  3.00510E+00  1.70002E+00  1.29384E-02 -2.48765E-01  0.00000E+00
  3.01006E+00  1.70002E+00  1.29384E-02 -2.48765E-01  0.00000E+00
  3.01502E+00  1.70002E+00  1.29384E-02 -2.48765E-01  0.00000E+00
  3.02008E+00  1.70002E+00  1.29384E-02 -2.48765E-01  0.00000E+00
  3.02504E+00  1.70002E+00  1.29384E-02 -2.48765E-01  0.00000E+00
  3.03000E+00  1.70002E+00  1.29384E-02 -2.48765E-01  0.00000E+00
  3.03507E+00  1.70002E+00  1.29384E-02 -2.48765E-01  0.00000E+00
  3.04002E+00  1.70002E+00  1.29384E-02 -2.48765E-01  0.00000E+00
  3.04509E+00  1.70002E+00  1.29384E-02 -2.48765E-01  0.00000E+00
  3.05005E+00  1.70002E+00  1.29384E-02 -2.48765E-01  0.00000E+00
  3.05501E+00  1.70002E+00  1.29384E-02 -2.48765E-01  0.00000E+00
  3.06007E+00  1.70002E+00  1.29384E-02 -2.48765E-01  0.00000E+00
  3.06503E+00  1.70002E+00  1.29384E-02 -2.48765E-01  0.00000E+00
  3.07010E+00  1.70002E+00  1.29384E-02 -2.48765E-01  0.00000E+00
  3.07506E+00  1.70002E+00  1.29384E-02 -2.48765E-01  0.00000E+00
  3.08002E+00  1.70002E+00  1.29384E-02 -2.48765E-01  0.00000E+00
  3.08508E+00  1.70002E+00  1.29384E-02 -2.48765E-01  0.00000E+00
  3.09004E+00  1.70002E+00  1.29384E-02 -2.48765E-01  0.00000E+00
  3.09510E+00  1.70002E+00  1.29384E-02 -2.48765E-01  0.00000E+00
  3.10006E+00  1.70002E+00  1.29384E-02 -2.48765E-01  0.00000E+00
  3.10502E+00  1.70002E+00  1.29384E-02 -2.48765E-01  0.00000E+00
  3.11009E+00  1.70002E+00  1.29384E-02 -2.48765E-01  0.00000E+00
  3.11505E+00  1.70002E+00  1.29384E-02 -2.48765E-01  0.00000E+00
  3.12001E+00  1.70002E+00  1.29384E-02 -2.48765E-01  0.00000E+00
  3.12507E+00  1.70002E+00  1.29384E-02 -2.48765E-01  0.00000E+00
  3.13003E+00  1.70002E+00  1.29384E-02 -2.48765E-01  0.00000E+00
  3.13509E+00  1.70002E+00  1.29384E-02 -2.48765E-01  0.00000E+00
  3.14005E+00  1.70002E+00  1.29384E-02 -2.48765E-01  0.00000E+00
  3.14501E+00  1.70002E+00  1.29384E-02 -2.48765E-01  0.00000E+00
  3.15008E+00  1.70002E+00  1.29384E-02 -2.48765E-01  0.00000E+00
  3.15504E+00  1.70002E+00  1.29384E-02 -2.48765E-01  0.00000E+00
  3.16010E+00  1.70002E+00  1.29384E-02 -2.48765E-01  0.00000E+00
  3.16506E+00  1.70002E+00  1.29384E-02 -2.48765E-01  0.00000E+00
  3.17002E+00  1.70002E+00  1.29384E-02 -2.48765E-01  0.00000E+00
  3.17508E+00  1.70002E+00  1.29384E-02 -2.48765E-01  0.00000E+00
  3.18004E+00  1.70002E+00  1.29384E-02 -2.48765E-01  0.00000E+00
  3.18500E+00  1.70002E+00  1.29384E-02 -2.48765E-01  0.00000E+00
  3.19007E+00  1.70002E+00  1.29384E-02 -2.48765E-01  0.00000E+00
  3.19503E+00  1.70002E+00  1.29384E-02 -2.48765E-01  0.00000E+00
  3.20009E+00  1.70002E+00  1.29384E-02 -2.48765E-01  0.00000E+00
  3.20505E+00  1.70002E+00  1.29384E-02 -2.48765E-01  0.00000E+00
  3.21001E+00  1.70002E+00  1.29384E-02 -2.48765E-01  0.00000E+00
  3.21507E+00  1.70002E+00  1.29384E-02 -2.48765E-01  0.00000E+00
  3.22003E+00  1.70002E+00  1.29384E-02 -2.48765E-01  0.00000E+00
  3.22510E+00  1.70002E+00  1.29384E-02 -2.48765E-01  0.00000E+00
  3.23006E+00  1.70002E+00  1.29384E-02 -2.48765E-01  0.00000E+00
  3.23502E+00  1.70002E+00  1.29384E-02 -2.48765E-01  0.00000E+00
  3.24008E+00  1.70002E+00  1.29384E-02 -2.48765E-01  0.00000E+00
  3.24504E+00  1.70002E+00  1.29384E-02 -2.48765E-01  0.00000E+00
  3.25011E+00  1.70002E+00  1.29384E-02 -2.48765E-01  0.00000E+00
  3.25506E+00  1.70002E+00  1.29384E-02 -2.48765E-01  0.00000E+00
  3.26002E+00  1.70002E+00  1.29384E-02 -2.48765E-01  0.00000E+00
  3.26509E+00  1.70002E+00  1.29384E-02 -2.48765E-01  0.00000E+00
  3.27005E+00  1.70002E+00  1.29384E-02 -2.48765E-01  0.00000E+00
  3.27501E+00  1.70002E+00  1.29384E-02 -2.48765E-01  0.00000E+00
  3.28007E+00  1.70002E+00  1.29384E-02 -2.48765E-01  0.00000E+00
  3.28503E+00  1.70002E+00  1.29384E-02 -2.48765E-01  0.00000E+00
  3.29010E+00  1.70002E+00  1.29384E-02 -2.48765E-01  0.00000E+00
  3.29505E+00  1.70002E+00  1.29384E-02 -2.48765E-01  0.00000E+00
  3.30001E+00  1.70002E+00  1.29384E-02 -2.48765E-01  0.00000E+00
  3.30508E+00  1.70002E+00  1.29384E-02 -2.48765E-01  0.00000E+00
  3.31004E+00  1.70002E+00  1.29384E-02 -2.48765E-01  0.00000E+00
  3.31510E+00  1.70002E+00  1.29384E-02 -2.48765E-01  0.00000E+00
  3.32006E+00  1.70002E+00  1.29384E-02 -2.48765E-01  0.00000E+00
  3.32502E+00  1.70002E+00  1.29384E-02 -2.48765E-01  0.00000E+00
  3.33009E+00  1.70002E+00  1.29384E-02 -2.48765E-01  0.00000E+00
  3.33504E+00  1.70002E+00  1.29384E-02 -2.48765E-01  0.00000E+00
  3.34000E+00  1.70002E+00  1.29384E-02 -2.48765E-01  0.00000E+00
  3.34507E+00  1.70002E+00  1.29384E-02 -2.48765E-01  0.00000E+00
  3.35003E+00  1.70002E+00  1.29384E-02 -2.48765E-01  0.00000E+00
  3.35509E+00  1.70002E+00  1.29384E-02 -2.48765E-01  0.00000E+00
  3.36005E+00  1.70002E+00  1.29384E-02 -2.48765E-01  0.00000E+00
  3.36501E+00  1.70002E+00  1.29384E-02 -2.48765E-01  0.00000E+00
  3.37008E+00  1.70002E+00  1.29384E-02 -2.48765E-01  0.00000E+00
  3.37503E+00  1.70002E+00  1.29384E-02 -2.48765E-01  0.00000E+00
  3.38010E+00  1.70002E+00  1.29384E-02 -2.48765E-01  0.00000E+00
  3.38506E+00  1.70002E+00  1.29384E-02 -2.48765E-01  0.00000E+00
  3.39002E+00  1.70002E+00  1.29384E-02 -2.48765E-01  0.00000E+00
  3.39508E+00  1.70002E+00  1.29384E-02 -2.48765E-01  0.00000E+00
  3.40004E+00  1.70002E+00  1.29384E-02 -2.48765E-01  0.00000E+00
  3.40500E+00  1.70002E+00  1.29384E-02 -2.48765E-01  0.00000E+00
  3.41007E+00  1.70002E+00  1.29384E-02 -2.48765E-01  0.00000E+00
  3.41502E+00  1.70002E+00  1.29384E-02 -2.48765E-01  0.00000E+00
  3.42009E+00  1.70002E+00  1.29384E-02 -2.48765E-01  0.00000E+00
  3.42505E+00  1.70002E+00  1.29384E-02 -2.48765E-01  0.00000E+00
  3.43001E+00  1.70002E+00  1.29384E-02 -2.48765E-01  0.00000E+00
  3.43507E+00  1.70002E+00  1.29384E-02 -2.48765E-01  0.00000E+00
  3.44003E+00  1.70002E+00  1.29384E-02 -2.48765E-01  0.00000E+00
  3.44510E+00  1.70002E+00  1.29384E-02 -2.48765E-01  0.00000E+00
  3.45006E+00  1.70002E+00  1.29384E-02 -2.48765E-01  0.00000E+00
  3.45501E+00  1.70002E+00  1.29384E-02 -2.48765E-01  0.00000E+00
  3.46008E+00  1.70002E+00  1.29384E-02 -2.48765E-01  0.00000E+00
  3.46504E+00  1.70002E+00  1.29384E-02 -2.48765E-01  0.00000E+00
  3.47010E+00  1.70002E+00  1.29384E-02 -2.48765E-01  0.00000E+00
  3.47506E+00  1.70002E+00  1.29384E-02 -2.48765E-01  0.00000E+00
  3.48002E+00  1.70002E+00  1.29384E-02 -2.48765E-01  0.00000E+00
  3.48509E+00  1.70002E+00  1.29384E-02 -2.48765E-01  0.00000E+00
  3.49005E+00  1.70002E+00  1.29384E-02 -2.48765E-01  0.00000E+00
  3.49501E+00  1.70002E+00  1.29384E-02 -2.48765E-01  0.00000E+00
