time	force
8.209915277953561e-04	2.709927171907371e+01
6.421599032853664e-03	2.709864942935092e+01
1.622266216670565e-02	2.709756042233605e+01
2.602372530055763e-02	2.709647141532118e+01
3.162433280561588e-02	2.709584912559840e+01
4.142539593946787e-02	2.709476011858353e+01
5.122645907331985e-02	2.709367111156865e+01
5.682706657837816e-02	2.709304882184587e+01
7.363822343939475e-02	2.695894538658586e+01
7.923883094445305e-02	2.695832309686308e+01
8.343928657324673e-02	2.695785637957099e+01
8.903989407830504e-02	2.695723408984821e+01
9.882928927985479e-02	2.712144079044790e+01
1.030180769763463e-01	2.728626978077038e+01
1.085953486168002e-01	2.761623890627673e+01
1.127631340351477e-01	2.807860017030543e+01
1.141446172197287e-01	2.834291773005804e+01
1.210893705260010e-01	2.913555926445448e+01
1.224708537105820e-01	2.939987682420709e+01
1.294132734303939e-01	3.022557750012645e+01
1.307970902014354e-01	3.045683591835615e+01
1.405281457414742e-01	3.144752115702868e+01
1.391466625568931e-01	3.118320359727607e+01
1.502732028002756e-01	3.223985154656373e+01
1.530595050340420e-01	3.243789525083982e+01
1.558458072678085e-01	3.263593895511590e+01
1.586274423286541e-01	3.290010094243782e+01
1.642093811420289e-01	3.316395178489834e+01
1.683911680791391e-01	3.342795819978956e+01
1.753639244229366e-01	3.382389003591105e+01
1.823436815261155e-01	3.412064444746379e+01
1.865324692226070e-01	3.428547343778627e+01
1.921097408630609e-01	3.461544256329262e+01
1.990894979662398e-01	3.491219697484536e+01
2.046784375389958e-01	3.507687039273713e+01
2.102627099388310e-01	3.530766209367475e+01
2.144561648082435e-01	3.540637280095140e+01
2.270295286570992e-01	3.580168234735009e+01
2.326208018163157e-01	3.593329662371897e+01
2.521949250464944e-01	3.632782830796418e+01
2.647776232411920e-01	3.659090128827123e+01
2.745693520292022e-01	3.672204884734801e+01
2.787698076579960e-01	3.672158213005592e+01
2.969484461848310e-01	3.705015110368601e+01
3.025443865169684e-01	3.711564709700905e+01
3.123361153049785e-01	3.724679465608583e+01
3.221278440929888e-01	3.737794221516261e+01
3.277284515980471e-01	3.737731992543982e+01
3.445162725944593e-01	3.757380790540896e+01
3.501122129265967e-01	3.763930389873200e+01
3.683048529721943e-01	3.776951802322460e+01
3.752962780076753e-01	3.790097672716277e+01
3.920887661770085e-01	3.803134642408607e+01
3.976893736820667e-01	3.803072413436329e+01
4.144818618513997e-01	3.816109383128659e+01
4.200824693564580e-01	3.816047154156381e+01
4.298741981444683e-01	3.829161910064059e+01
4.396659269324785e-01	3.842276665971737e+01
4.452665344375368e-01	3.842214436999458e+01
4.550675975713888e-01	3.842105536297971e+01
4.648686607052408e-01	3.841996635596484e+01
4.704646010373782e-01	3.848546234928789e+01
4.802609969983093e-01	3.855049162531884e+01
4.886619082558966e-01	3.854955819073466e+01
4.942531814151132e-01	3.868117246710353e+01
5.124551558065527e-01	3.867915002550448e+01
5.180557633116109e-01	3.867852773578170e+01
5.376485552334730e-01	3.880858628784361e+01
5.432491627385313e-01	3.880796399812083e+01
5.530502258723833e-01	3.880687499110595e+01
5.628512890062353e-01	3.880578598409107e+01
5.684518965112936e-01	3.880516369436829e+01
5.880493556060767e-01	3.886910396338438e+01
5.936452959382141e-01	3.893459995670742e+01
6.104471184533889e-01	3.893273308753906e+01
6.160477259584473e-01	3.893211079781628e+01
6.216483334635055e-01	3.893148850809349e+01
6.272489409685638e-01	3.893086621837071e+01
6.314493965973574e-01	3.893039950107863e+01
6.496513709887969e-01	3.892837705947957e+01
6.538518266175906e-01	3.892791034218749e+01
6.720538010090300e-01	3.892588790058844e+01
6.776544085140883e-01	3.892526561086565e+01
6.874461373020985e-01	3.905641316994244e+01
6.972565347817923e-01	3.892308759683591e+01
7.028571422868505e-01	3.892246530711313e+01
7.126582054207025e-01	3.892137630009825e+01
7.224592685545546e-01	3.892028729308338e+01
7.280552088866921e-01	3.898578328640642e+01
7.476620023273168e-01	3.891748698933085e+01
7.532626098323749e-01	3.891686469960807e+01
7.700644323475498e-01	3.891499783043972e+01
7.756650398526082e-01	3.891437554071693e+01
7.798654954814019e-01	3.891390882342484e+01
7.854661029864600e-01	3.891328653370206e+01
7.952671661203121e-01	3.891219752668719e+01
8.008677736253704e-01	3.891157523696440e+01
8.106688367592223e-01	3.891048622994953e+01
8.204698998930744e-01	3.890939722293466e+01
8.260705073981327e-01	3.890877493321187e+01
8.316711149031910e-01	3.890815264348909e+01
8.372717224082491e-01	3.890753035376630e+01
8.568831830217949e-01	3.877311577364490e+01
8.624837905268532e-01	3.877249348392212e+01
8.722848536607053e-01	3.877140447690725e+01
8.820905839674780e-01	3.870419718684655e+01
8.862957067691926e-01	3.863761218650863e+01
9.044976811606320e-01	3.863558974490958e+01
9.100982886656903e-01	3.863496745518680e+01
9.198993517995422e-01	3.863387844817193e+01
9.297004149333943e-01	3.863278944115706e+01
9.353010224384524e-01	3.863216715143427e+01
9.451020855723045e-01	3.863107814441940e+01
9.549031487061566e-01	3.862998913740453e+01
9.605037562112146e-01	3.862936684768174e+01
9.773149130722314e-01	3.849526341242174e+01
9.829155205772897e-01	3.849464112269895e+01
9.871159762060833e-01	3.849417440540687e+01
1.002517646844994e+00	3.849246310866921e+01
1.008120587936512e+00	3.845878167742351e+01
1.027729714963598e+00	3.835742623882503e+01
1.033330322468656e+00	3.835680394910224e+01
1.038930929973714e+00	3.835618165937946e+01
1.044531537478772e+00	3.835555936965667e+01
1.066943301844848e+00	3.822083364467388e+01
1.071143757473641e+00	3.822036692738179e+01
1.079544668731229e+00	3.821943349279762e+01
1.086545428112552e+00	3.821865563064414e+01
1.092146035617610e+00	3.821803334092135e+01
1.096346491246403e+00	3.821756662362927e+01
1.114560133570145e+00	3.805024847441565e+01
1.118767589958320e+00	3.795060433255482e+01
1.127219840118037e+00	3.722236978446655e+01
1.130038812562250e+00	3.695758550742185e+01
1.135695426142359e+00	3.616354382114914e+01
1.135714094834042e+00	3.589907068896584e+01
1.138547068797018e+00	3.543593156278365e+01
1.141380042759993e+00	3.497279243660147e+01
1.141398711451676e+00	3.470831930441817e+01
1.144231685414652e+00	3.424518017823598e+01
1.147064659377627e+00	3.378204105205381e+01
1.147078660896390e+00	3.358368620291633e+01
1.149906967686444e+00	3.318666535977997e+01
1.152739941649419e+00	3.272352623359779e+01
1.152758610341103e+00	3.245905310141448e+01
1.155591584304078e+00	3.199591397523231e+01
1.158424558267054e+00	3.153277484905012e+01
1.159843378835002e+00	3.126814614443612e+01
1.164095173365925e+00	3.054037831363994e+01
1.166909478637217e+00	3.034171231964106e+01
1.169723783908509e+00	3.014304632564219e+01
1.176775882191961e+00	2.941496734998461e+01
1.180990339339517e+00	2.921614578355505e+01
1.193633710782186e+00	2.861968108426634e+01
1.199245986219547e+00	2.845376308692899e+01
1.206258413533172e+00	2.828768951716094e+01
1.214668659136601e+00	2.815451951648511e+01
